0,539
38,13
38,12
38,11
38,10
38,9
38,8
38,7
23,35
24,19
24,18
24,17
24,16
24,15
24,14
24,13
24,12
24,11
24,10
24,9
24,8
24,7
24,6
24,5
24,4
52,3
52,2
52,1
52,0
51,3
51,2
51,1
51,0
0,462
0,461
0,460
0,459
0,458
0,457
0,456
0,455
0,454
0,453
0,452
0,451
0,450
0,449
0,448
0,447
0,446
0,445
0,444
0,443
0,442
0,441
0,440
0,439
50,3
50,2
0,438
50,1
50,0
0,437
0,436
49,4
49,3
49,2
0,435
49,1
49,0
0,434
0,433
48,3
48,2
0,432
48,1
48,0
0,431
0,430
47,4
47,3
47,2
0,429
47,1
47,0
0,428
0,427
46,3
46,2
0,426
46,1
46,0
0,425
0,424
45,6
45,5
45,4
45,3
45,2
0,423
45,1
45,0
0,422
0,421
0,420
44,4
0,419
0,418
0,417
44,3
44,2
0,416
44,1
44,0
0,415
0,414
0,413
43,4
43,3
43,2
0,412
43,1
43,0
0,411
0,410
0,409
42,4
0,408
0,407
0,406
42,3
42,2
0,405
42,1
42,0
14,5
14,4
0,404
0,403
41,3
41,2
0,402
0,401
41,1
41,0
0,400
0,399
40,4
40,3
40,2
0,398
40,1
40,0
0,397
0,396
39,4
39,3
39,2
0,395
39,1
39,0
0,394
0,393
0,392
38,6
0,391
0,390
0,389
0,388
0,387
38,5
38,4
38,3
